22 318 357
1 苹果园
2 古城
3 八角游乐园
4 八宝山
5 玉泉路
6 五棵松
7 万寿路
8 公主坟
9 军事博物馆
10 木樨地
11 南礼士路
12 复兴门
13 西单
14 天安门西
15 天安门东
16 王府井
17 东单
18 建国门
19 永安里
20 国贸
21 大望路
22 四惠
23 四惠东
24 积水潭
25 鼓楼大街
26 安定门
27 雍和宫
28 东直门
29 东四十条
30 朝阳门
31 北京站
32 崇文门
33 前门
34 和平门
35 宣武门
36 长椿街
37 阜成门
38 车公庄
39 西直门
40 安河桥北
41 北宫门
42 西苑
43 圆明园
44 北京大学东门
45 中关村
46 海淀黄庄
47 人民大学
48 魏公村
49 国家图书馆
50 动物园
51 新街口
52 平安里
53 西四
54 灵境胡同
55 菜市口
56 陶然亭
57 北京南站
58 马家堡
59 角门西
60 公益西桥
61 新宫
62 西红门
63 高米店北
64 高米店南
65 枣园
66 清源路
67 黄村西大街
68 黄村火车站
69 义和庄
70 生物医药基地
71 天宫院
72 宋家庄
73 刘家窑
74 蒲黄榆
75 天坛东门
76 磁器口
77 灯市口
78 东四
79 张自忠路
80 北新桥
81 和平里北街
82 和平西桥
83 惠新西街南口
84 惠新西街北口
85 大屯路东
86 北苑路北
87 立水桥南
88 立水桥
89 天通苑南
90 天通苑
91 天通苑北
92 海淀五路居
93 慈寿寺
94 花园桥
95 白石桥南
96 车公庄西
97 北海北
98 南锣鼓巷
99 东大桥
100 呼家楼
101 金台路
102 十里堡
103 青年路
104 褡裢坡
105 黄渠
106 常营
107 草房
108 物资学院路
109 通州北关
110 通运门
111 北运河西
112 北运河东
113 郝家府
114 东夏园
115 潞城
116 北京西站
117 湾子
118 达官营
119 广安门内
120 虎坊桥
121 珠市口
122 桥湾
123 广渠门内
124 广渠门外
125 双井
126 九龙山
127 大郊亭
128 百子湾
129 化工
130 南楼梓庄
131 欢乐谷景区
132 垡头
133 双合
134 焦化厂
135 朱辛庄
136 育知路
137 平西府
138 回龙观东大街
139 霍营
140 育新
141 西小口
142 永泰庄
143 林萃桥
144 森林公园南门
145 奥林匹克公园
146 奥体中心
147 北土城
148 安华桥
149 安德里北街
150 什刹海
151 郭公庄
152 丰台科技园
153 科怡路
154 丰台南路
155 丰台东大街
156 七里庄
157 六里桥
158 六里桥东
159 白堆子
160 巴沟
161 苏州街
162 知春里
163 知春路
164 西土城
165 牡丹园
166 健德门
167 安贞门
168 芍药居
169 太阳宫
170 三元桥
171 亮马桥
172 农业展览馆
173 团结湖
174 金台夕照
175 双井
176 劲松
177 潘家园
178 十里河
179 分钟寺
180 成寿寺
181 石榴庄
182 大红门
183 角门东
184 草桥
185 纪家庙
186 首经贸
187 丰台站
188 泥洼
189 西局
190 莲花桥
191 西钓鱼台
192 车道沟
193 长春桥
194 火器营
195 大钟寺
196 五道口
197 上地
198 西二旗
199 龙泽
200 回龙观
201 北苑
202 望京西
203 光熙门
204 柳芳
205 陶然桥
206 永定门外
207 景泰
208 方庄
209 北工大西门
210 平乐园
211 朝阳公园
212 枣营
213 东风北桥
214 将台
215 高家园
216 望京南
217 阜通
218 望京
219 东湖渠
220 来广营
221 善各庄
222 张郭庄
223 园博园
224 大瓦窑
225 郭庄子
226 大井
227 俸伯
228 顺义
229 石门
230 南法信
231 后沙峪
232 花梨坎
233 国展
234 孙河
235 马泉营
236 崔各庄
237 望京东
238 关庄
239 安立路
240 北沙滩
241 六道口
242 清华东路西口
243 高碑店
244 传媒大学
245 双桥
246 管庄
247 八里桥
248 通州北苑
249 果园
250 九棵树
251 梨园
252 临河里
253 土桥
254 昌平西山口
255 十三陵景区
256 昌平
257 昌平东关
258 北邵洼
259 南邵
260 沙河高教园
261 沙河
262 巩华城
263 生命科学园
264 肖村
265 小红门
266 旧宫
267 亦庄桥
268 亦庄文化园
269 万源街
270 荣京东街
271 荣昌东街
272 同济南路
273 经海路
274 次渠南
275 次渠
276 亦庄火车站
277 阎村东
278 苏庄
279 良乡南关
280 良乡大学城西
281 良乡大学城
282 良乡大学城北
283 广阳城
284 篱笆房
285 长阳
286 稻田
287 大葆台
288 燕山
289 房山城关
290 饶乐府
291 马各庄
292 大石河东
293 星城
294 阎村
295 紫草坞
296 T2航站楼
297 T3航站楼
298 石厂
299 小园
300 栗园庄
301 上岸
302 桥户营
303 四道桥
304 金安桥
305 香山
306 植物园
307 万安
308 茶棚
309 颐和园西门
310 北安河
311 温阳路
312 稻香湖路
313 屯佃
314 永丰
315 永丰南
316 西北旺
317 马连洼
318 农大南路
一号线
23
1
2
3
4
5
6
7
8
9
10
11
12
13
14
15
16
17
18
19
20
21
22
23
二号线
18
24
25
26
27
28
29
30
18
31
32
33
34
35
36
12
37
38
39
四号线
35
40
41
42
43
44
45
46
47
48
49
50
39
51
52
53
54
13
35
55
56
57
58
59
60
61
62
63
64
65
66
67
68
69
70
71
五号线
23
72
73
74
75
76
32
17
77
78
79
80
28
81
82
83
84
85
86
87
88
89
90
91
六号线
28
92
93
94
95
96
38
52
97
98
78
30
99
100
101
102
103
104
105
106
107
108
109
110
111
112
113
114
115
七号线
21
116
117
118
119
55
120
121
122
76
123
124
125
126
127
128
129
130
131
132
133
134
八号线
18
135
136
137
138
139
140
141
142
143
144
145
146
147
148
149
25
150
98
九号线
13
151
152
153
154
155
156
157
158
116
9
159
95
49
十号线
45
160
161
46
162
163
164
165
166
146
167
83
168
169
170
171
172
173
100
174
20
175
176
177
178
179
180
72
181
182
183
59
184
185
186
187
188
189
157
190
8
191
93
192
193
194
十三号线
16
39
195
163
196
197
198
199
200
139
88
201
202
168
203
204
28
十四号线东段
23
57
205
206
207
74
208
178
209
210
126
21
101
211
212
213
214
215
216
217
218
219
220
221
十四号线西段
7
222
223
224
225
226
156
189
十五号线
20
227
228
229
230
231
232
233
234
235
236
237
218
202
238
85
239
145
240
241
242
八通线
13
22
23
243
244
245
246
247
248
249
250
251
252
253
昌平线
12
254
255
256
257
258
259
260
261
262
135
263
198
亦庄线
14
72
264
265
266
267
268
269
270
271
272
273
274
275
276
房山线
12
277
278
279
280
281
282
283
284
285
286
287
151
燕房线
9
288
289
290
291
292
293
294
295
277
机场线
4
28
170
296
297
S1线
7
298
299
300
301
302
303
304
西郊线
6
305
306
307
308
309
160
十六号线
10
310
311
312
313
314
315
316
317
318
42
1 2 1
2 3 1
3 4 1
4 5 1
5 6 1
6 7 1
7 8 1
8 9 1
9 10 1
10 11 1
11 12 1
12 13 1
13 14 1
14 15 1
15 16 1
16 17 1
17 18 1
18 19 1
19 20 1
20 21 1
21 22 1
22 23 1
24 25 2
25 26 2
26 27 2
27 28 2
28 29 2
29 30 2
30 18 2
18 31 2
31 32 2
32 33 2
33 34 2
34 35 2
35 36 2
36 12 2
12 37 2
37 38 2
38 39 2
39 24 2
40 41 3
41 42 3
42 43 3
43 44 3
44 45 3
45 46 3
46 47 3
47 48 3
48 49 3
49 50 3
50 39 3
39 51 3
51 52 3
52 53 3
53 54 3
54 13 3
13 35 3
35 55 3
55 56 3
56 57 3
57 58 3
58 59 3
59 60 3
60 61 3
61 62 3
62 63 3
63 64 3
64 65 3
65 66 3
66 67 3
67 68 3
68 69 3
69 70 3
70 71 3
72 73 4
73 74 4
74 75 4
75 76 4
76 32 4
32 17 4
17 77 4
77 78 4
78 79 4
79 80 4
80 28 4
28 81 4
81 82 4
82 83 4
83 84 4
84 85 4
85 86 4
86 87 4
87 88 4
88 89 4
89 90 4
90 91 4
92 93 5
93 94 5
94 95 5
95 96 5
96 38 5
38 52 5
52 97 5
97 98 5
98 78 5
78 30 5
30 99 5
99 100 5
100 101 5
101 102 5
102 103 5
103 104 5
104 105 5
105 106 5
106 107 5
107 108 5
108 109 5
109 110 5
110 111 5
111 112 5
112 113 5
113 114 5
114 115 5
116 117 6
117 118 6
118 119 6
119 55 6
55 120 6
120 121 6
121 122 6
122 76 6
76 123 6
123 124 6
124 125 6
125 126 6
126 127 6
127 128 6
128 129 6
129 130 6
130 131 6
131 132 6
132 133 6
133 134 6
135 136 7
136 137 7
137 138 7
138 139 7
139 140 7
140 141 7
141 142 7
142 143 7
143 144 7
144 145 7
145 146 7
146 147 7
147 148 7
148 149 7
149 25 7
25 150 7
150 98 7
151 152 8
152 153 8
153 154 8
154 155 8
155 156 8
156 157 8
157 158 8
158 116 8
116 9 8
9 159 8
159 95 8
95 49 8
160 161 9
161 46 9
46 162 9
162 163 9
163 164 9
164 165 9
165 166 9
166 147 9
147 167 9
167 83 9
83 168 9
168 169 9
169 170 9
170 171 9
171 172 9
172 173 9
173 100 9
100 174 9
174 20 9
20 175 9
175 176 9
176 177 9
177 178 9
178 179 9
179 180 9
180 72 9
72 181 9
181 182 9
182 183 9
183 59 9
59 184 9
184 185 9
185 186 9
186 187 9
187 188 9
188 189 9
189 157 9
157 190 9
190 8 9
8 191 9
191 93 9
93 192 9
192 193 9
193 194 9
194 160 9
39 195 10
195 163 10
163 196 10
196 197 10
197 198 10
198 199 10
199 200 10
200 139 10
139 88 10
88 201 10
201 202 10
202 168 10
168 203 10
203 204 10
204 28 10
57 205 11
205 206 11
206 207 11
207 74 11
74 208 11
208 178 11
178 209 11
209 210 11
210 126 11
126 21 11
21 101 11
101 211 11
211 212 11
212 213 11
213 214 11
214 215 11
215 216 11
216 217 11
217 218 11
218 219 11
219 220 11
220 221 11
222 223 12
223 224 12
224 225 12
225 226 12
226 156 12
156 189 12
227 228 13
228 229 13
229 230 13
230 231 13
231 232 13
232 233 13
233 234 13
234 235 13
235 236 13
236 237 13
237 218 13
218 202 13
202 238 13
238 85 13
85 239 13
239 145 13
145 240 13
240 241 13
241 242 13
22 23 14
23 243 14
243 244 14
244 245 14
245 246 14
246 247 14
247 248 14
248 249 14
249 250 14
250 251 14
251 252 14
252 253 14
254 255 15
255 256 15
256 257 15
257 258 15
258 259 15
259 260 15
260 261 15
261 262 15
262 135 15
135 263 15
263 198 15
72 264 16
264 265 16
265 266 16
266 267 16
267 268 16
268 269 16
269 270 16
270 271 16
271 272 16
272 273 16
273 274 16
274 275 16
275 276 16
277 278 17
278 279 17
279 280 17
280 281 17
281 282 17
282 283 17
283 284 17
284 285 17
285 286 17
286 287 17
287 151 17
288 289 18
289 290 18
290 291 18
291 292 18
292 293 18
293 294 18
294 295 18
295 277 18
28 170 19
170 296 19
296 297 19
298 299 20
299 300 20
300 301 20
301 302 20
302 303 20
303 304 20
305 306 21
306 307 21
307 308 21
308 309 21
309 160 21
310 311 22
311 312 22
312 313 22
313 314 22
314 315 22
315 316 22
316 317 22
317 318 22
318 42 22